((("after" .
   [1 0 0 0 0])
  ("line" .
   [1 0 0 0])
  ("TeX" .
   [1 0 1])
  ("new" .
   [2 0 0])
  ("figure" .
   [1 0 0 0 0 0])
  ("end" .
   [1 0 0])
  ("begin" .
   [1 0 0 0 0])
  ("usepackage" .
   [0 0 0 1 0 1 0 0 0 0])
  ("is" .
   [2 0])
  ("subsection" .
   [0 0 1 3 0 0 0 0 0 0])
  ("section" .
   [0 0 0 1 1 0 0])
  ("author" .
   [1 0 0 0 0 0])
  ("Document" .
   [0 0 0 0 1 1 0 0])
  ("geiser-guile" .
   [1 0 0 0 0 0 0 0 0 0 0 0])
  ("you" .
   [3 0 0])
  ("thing" .
   [1 0 0 0 0])
  ("only" .
   [1 0 0 0])
  ("20" .
   [2 0])
  ("total" .
   [7 0 0 0 0])
  ("sum" .
   [3 0 0])
  ("last" .
   [1 0 0 0])
  ("str" .
   [2 0 2])
  ("100" .
   [1 0 0])
  ("len" .
   [5 0 0])
  ("hundred" .
   [1 0 0 0 0 0 0])
  ("number" .
   [6 0 4 2 0 0])
  ("index" .
   [2 0 1 0 0])
  ("product" .
   [1 0 0 2 0 0 0])
  ("each" .
   [17 0 1 1])
  ("given" .
   [1 0 0 0 0])
  ("primes" .
   [3 0 0 0 0 0])
  ("not" .
   [1 0 0])
  ("False" .
   [2 0 0 0 0])
  ("found" .
   [4 0 0 1 0])
  ("factorial" .
   [0 0 0 0 0 0 1 0 0])
  ("maxPrime" .
   [0 0 0 2 0 0 0 0])
  ("range" .
   [6 0 0 0 0])
  ("in" .
   [1 0])
  ("1000" .
   [4 0 0 0])
  ("True" .
   [5 0 0 0])
  ("real" .
   [6 0 0 0])
  ("except" .
   [0 0 0 0 1 0])
  ("try" .
   [3 0 0])
  ("break" .
   [1 0 0 0 0])
  ("roun" .
   [1 0 0 0])
  ("round" .
   [2 0 0 0 0])
  ("34" .
   [1 0])
  ("print" .
   [27 0 0 0 1])
  ("query" .
   [1 0 0 1 0])
  ("if" .
   [12 0])
  ("for" .
   [8 0 0])
  ("int" .
   [4 0 1])
  ("raw_input" .
   [0 0 0 2 0 0 0 0 0])
  ("def" .
   [8 0 0])
  ("fib" .
   [2 0 0])
  ("while" .
   [4 0 0 0 0])
  ("key" .
   [9 0 1])
  ("first" .
   [2 0 1 0 0])
  ("second" .
   [4 0 0 0 0 0])
  ("nextt" .
   [1 0 0 0 0])
  ("and" .
   [3 0 0])
  ("return" .
   [8 0 1 0 0 0])
  ("else" .
   [4 0 0 0])
  ("define" .
   [4 0 0 0 0 0])
  ("this" .
   [1 0 0 0])
  ("square" .
   [1 0 0 0 0 0])
  ("the" .
   [7 0 0])
  ("buffer" .
   [1 0 0 0 0 0])
  ("that" .
   [3 0 0 0])
  ("alias" .
   [4 0 0 0 0])
  ("numpy" .
   [1 0 0 0 0])
  ("bool" .
   [3 0 0 0])
  ("primess" .
   [2 0 0 0 0 0 0])
  ("add" .
   [1 0 0])
  ("10" .
   [2 0])
  ("audacity" .
   [1 0 0 0 0 0 0 1])
  ("choices" .
   [4 0 0 0 0 0 0])
  ("permutation" .
   [1 0 0 0 1 0 0 0 0 0 0])
  ("gone" .
   [1 0 2 1])
  ("favNum" .
   [1 0 0 2 0 0])
  ("newstring" .
   [0 0 0 0 1 1 0 0 0])))
